135.6
135.7
1306.0
112.0
135.1
102.0
503.0
35.0
540.0
1311.0
1317.0
7.0
12.0
1308.0
140.0
6.0
37.0
50202.0
4.37
4.36
4.35
4.34
10.0
401.0
505.0
1200.0
106.0
123.2
123.1
507.0
44.0
16.0
1328.0
121.0
539.0
124.1
1315.0
1303.0
205.0
126.0
45.0
1324.0
1322.0
1318.0
518.0
26.0
131.0
135.5
14.0
1319.0
1335.0
24.0
25203.0
116.0
133.0
50001.0
203.0
144.6
50200.0
1330.0
520.0
1337.0
501.0
1313.0
114.0
25201.0
50203.0
1320.0
1310.0
4.17
143.0
502.0
34.0
1316.0
3.0
2.0
36.0
20.0
122.0
509.0
522.0
1338.0
1340.0
1309.0
1000.0
22.0
109.0
120.0
1301.0
135.4
504.0
1326.0
517.0
1329.0
1325.0
31.0
1314.0
4000.0
1102.0
519.0
4.65
4.67
1331.0
4.61
4.62
4.63
300.0
4002.0
1332.0
4.68
25202.0
4.64
117.0
301.0
1333.0
506.0
50101.0
1334.0
115.0
1312.0
25200.0
27.0
50000.0
23.0
32.0
1339.0
125.0
129.0
33.0
1321.0
123.3
50205.0
4.77
4.76
4.75
4.74
4.73
4.72
4.71
1.0
39.0
4.78
8.0
108.0
21.0
50002.0
1002.0
1341.0
29.0
1327.0
1323.0
280.0
201.0
9.0
1343.0
50102.0
25.0
140.52
4001.0
4.42
4.43
508.0
103.0
4.44
4.45
28.0
43.0
5.3
4003.0
118.0
302.0
113.0
110.0
50204.0
25205.0
1344.0
18.0
134.0
19.0
128.0
30.0
200.0
521.0
141.0
1201.0
4.58
4.55
4.54
4.57
105.0
4.51
4.53
4.52
4.4
5.2
400.0
5.4
5.5
5.6
5.7
1345.0
101.0
11.0
124.4
124.5
17.0
50201.0
13.0
124.2
38.0
124.6
4007.0
140.51
204.0
127.0
25204.0
4006.0
5.1
140.53
1302.0
4.28
4.29
4.6
4.22
4.23
4.24
4.25
4.26
4.27
15.0
1003.0
119.0
130.0
4008.0
4.41
111.0
510.0
1001.0
107.0
1336.0
132.0
202.0
